AVERAGE COMPLEXITY PER PARAMETER COUNT RANGE
======================================================================

Param Range Start    Param Range End      Avg Complexity       Count     
----------------------------------------------------------------------
43.00                1010869809.86        0.0258878635231512   1334      
1010869809.86        2021739576.72        0.0041773871972815   288       
2021739576.72        3032609343.58        0.0056539095351009   163       
3032609343.58        4043479110.44        0.0053057650029730   72        
4043479110.44        5054348877.30        0.0054922333039318   30        
5054348877.30        6065218644.17        0.0045211884439397   20        
6065218644.17        7076088411.03        0.0053646759833528   68        
7076088411.03        8086958177.89        0.0050845200037946   72        
8086958177.89        9097827944.75        0.0043826026531980   68        
9097827944.75        10108697711.61       0.0047705332075522   34        
10108697711.61       11119567478.47       0.0047283725059876   6         
11119567478.47       12130437245.33       0.0055323657764272   20        
12130437245.33       13141307012.19       0.0055541171612856   56        
13141307012.19       14152176779.05       0.0057239089365068   84        
14152176779.05       15163046545.91       0.0960169007972098   14        
15163046545.91       16173916312.77       0.0895581926304866   28        
16173916312.77       17184786079.63       0.0983630766040291   4         
17184786079.63       18195655846.50       0.0050987732474987   2         
18195655846.50       19206525613.36       0.0028103927428451   4         
19206525613.36       20217395380.22       0.0037700838622703   34        
20217395380.22       21228265147.08       0.0022735298345565   18        
21228265147.08       22239134913.94       0.0059304085735920   16        
22239134913.94       23250004680.80       0.0064779622154710   2         
23250004680.80       24260874447.66       0.0064706196356621   6         
24260874447.66       25271744214.52       0.0061854977183334   8         
25271744214.52       26282613981.38       0.0062007311386148   8         
26282613981.38       27293483748.24       0.0056988122692904   8         
27293483748.24       28304353515.10       0.0056108680731711   8         
28304353515.10       29315223281.97       0.0059289637299460   56        
29315223281.97       30326093048.83       0.0060222233548659   24        
30326093048.83       31336962815.69       0.0068149513649275   4         
31336962815.69       32347832582.55       0.0066196706362968   2         
32347832582.55       33358702349.41       0.0065977030900564   2         
33358702349.41       34369572116.27       0.0058209401403126   4         
34369572116.27       35380441883.13       0.0057788593623375   2         
35380441883.13       36391311649.99       0.0853163419007686   10        
36391311649.99       37402181416.85       0.0058082070534689   4         
37402181416.85       38413051183.71       0.0060108481571745   16        
38413051183.71       39423920950.57       0.0063122204472036   4         
39423920950.57       40434790717.43       0.0982177233589646   8         
40434790717.43       41445660484.30       0.0953396621998699   8         
41445660484.30       42456530251.16       0.0931586888258713   4         
42456530251.16       43467400018.02       0.0923802666482758   4         
43467400018.02       44478269784.88       0.0878762162496533   8         

Overall weighted average: 0.0184997637577029
Total data points: 2635
